                            OLS Regression Results                            
==============================================================================
Dep. Variable:                     ir   R-squared:                       0.044
Model:                            OLS   Adj. R-squared:                  0.043
Method:                 Least Squares   F-statistic:                     6.033
Date:                Sat, 10 Aug 2024   Prob (F-statistic):           1.39e-35
Time:                        22:10:48   Log-Likelihood:            -1.4649e+05
No. Observations:               94311   AIC:                         2.931e+05
Df Residuals:                   94254   BIC:                         2.936e+05
Df Model:                          56                                         
Covariance Type:              cluster                                         
=================================================================================
                    coef    std err          z      P>|z|      [0.025      0.975]
---------------------------------------------------------------------------------
const            -0.6707      0.320     -2.094      0.036      -1.298      -0.043
TREATED           0.2605      0.144      1.806      0.071      -0.022       0.543
sz_q0             0.1035      0.200      0.517      0.605      -0.289       0.496
sz_q1             0.1538      0.186      0.825      0.409      -0.212       0.519
sz_q2             0.2549      0.184      1.385      0.166      -0.106       0.615
sz_q3             0.0089      0.148      0.060      0.952      -0.282       0.300
sz_q4             0.0952      0.135      0.707      0.479      -0.169       0.359
sz_q5             0.0817      0.126      0.649      0.516      -0.165       0.328
sz_q6             0.0241      0.111      0.217      0.828      -0.193       0.241
sz_q7             0.0142      0.100      0.143      0.886      -0.181       0.209
sz_q8             0.0332      0.073      0.454      0.650      -0.110       0.177
scope_q1          0.1332      0.108      1.239      0.215      -0.078       0.344
scope_q2         -0.0048      0.076     -0.063      0.950      -0.155       0.145
scope_q3          0.0570      0.077      0.743      0.457      -0.093       0.207
age_q0            0.5222      0.142      3.677      0.000       0.244       0.801
age_q1            0.4716      0.139      3.405      0.001       0.200       0.743
age_q2            0.3402      0.121      2.820      0.005       0.104       0.577
age_q3            0.2618      0.118      2.215      0.027       0.030       0.494
age_q4            0.0905      0.114      0.796      0.426      -0.132       0.313
age_q5           -0.1415      0.100     -1.415      0.157      -0.338       0.055
age_q6           -0.1514      0.091     -1.671      0.095      -0.329       0.026
age_q7           -0.1161      0.076     -1.527      0.127      -0.265       0.033
age_q8           -0.0230      0.067     -0.345      0.730      -0.153       0.108
firmsz_q1        -0.1238      0.086     -1.434      0.152      -0.293       0.045
firmsz_q2         0.1141      0.132      0.862      0.389      -0.145       0.374
firmsz_q3         0.0358      0.132      0.272      0.786      -0.223       0.294
firmsz_q4         0.1123      0.139      0.809      0.419      -0.160       0.384
firmsz_q5         0.0616      0.158      0.390      0.697      -0.248       0.372
firmsz_q6         0.0621      0.179      0.347      0.728      -0.288       0.413
firmsz_q7         0.1445      0.192      0.753      0.451      -0.231       0.520
firmsz_q8         0.1498      0.204      0.734      0.463      -0.250       0.550
firmsz_q9         0.1804      0.216      0.835      0.404      -0.243       0.604
year_dum_1994     0.1372      0.101      1.358      0.174      -0.061       0.335
year_dum_1995     0.1744      0.096      1.820      0.069      -0.013       0.362
year_dum_1996     0.2342      0.084      2.774      0.006       0.069       0.400
year_dum_1997     0.2649      0.076      3.469      0.001       0.115       0.415
year_dum_1998     0.1842      0.072      2.545      0.011       0.042       0.326
year_dum_1999     0.2537      0.068      3.730      0.000       0.120       0.387
year_dum_2000     0.1414      0.067      2.120      0.034       0.011       0.272
year_dum_2001     0.1171      0.069      1.697      0.090      -0.018       0.252
year_dum_2002     0.0752      0.065      1.159      0.246      -0.052       0.202
year_dum_2003     0.0664      0.060      1.112      0.266      -0.051       0.183
year_dum_2004     0.1874      0.054      3.440      0.001       0.081       0.294
year_dum_2005     0.2971      0.051      5.875      0.000       0.198       0.396
year_dum_2006     0.3569      0.048      7.370      0.000       0.262       0.452
year_dum_2007     0.4437      0.053      8.295      0.000       0.339       0.549
year_dum_2009     0.1018      0.018      5.556      0.000       0.066       0.138
year_dum_2010     0.0635      0.011      5.907      0.000       0.042       0.085
firmage_q1        0.0989      0.070      1.412      0.158      -0.038       0.236
firmage_q2        0.1817      0.097      1.876      0.061      -0.008       0.371
firmage_q3        0.2513      0.122      2.067      0.039       0.013       0.490
firmage_q4        0.2627      0.132      1.997      0.046       0.005       0.520
firmage_q5        0.2889      0.141      2.049      0.040       0.013       0.565
firmage_q6        0.3271      0.145      2.261      0.024       0.044       0.611
firmage_q7        0.3289      0.150      2.199      0.028       0.036       0.622
firmage_q8        0.2315      0.163      1.417      0.157      -0.089       0.552
firmage_q9        0.2117      0.175      1.211      0.226      -0.131       0.554
==============================================================================
Omnibus:                    25300.963   Durbin-Watson:                   0.742
Prob(Omnibus):                  0.000   Jarque-Bera (JB):           347731.573
Skew:                           0.911   Prob(JB):                         0.00
Kurtosis:                      12.229   Cond. No.                         65.4
==============================================================================

Notes:
[1] Standard Errors are robust to cluster correlation (cluster)