                          PanelOLS Estimation Summary                           
================================================================================
Dep. Variable:                     ir   R-squared:                        0.0764
Estimator:                   PanelOLS   R-squared (Between):             -0.0200
No. Observations:               94311   R-squared (Within):               0.0764
Date:                Sat, Aug 10 2024   R-squared (Overall):              0.0239
Time:                        22:08:49   Log-likelihood                -1.122e+05
Cov. Estimator:             Clustered                                           
                                        F-statistic:                      135.18
Entities:                        1147   P-value                           0.0000
Avg Obs:                       82.224   Distribution:                F(57,93107)
Min Obs:                       13.000                                           
Max Obs:                       188.00   F-statistic (robust):             8.7426
                                        P-value                           0.0000
Time periods:                     188   Distribution:                F(57,93107)
Avg Obs:                       501.65                                           
Min Obs:                       56.000                                           
Max Obs:                       1141.0                                           
                                                                                
                               Parameter Estimates                               
=================================================================================
               Parameter  Std. Err.     T-stat    P-value    Lower CI    Upper CI
---------------------------------------------------------------------------------
TREATED           0.2107     0.3391     0.6215     0.5343     -0.4538      0.8753
sz_q1            -0.0358     0.0641    -0.5581     0.5767     -0.1615      0.0899
sz_q2             0.0103     0.0746     0.1383     0.8900     -0.1359      0.1566
sz_q3            -0.1418     0.1028    -1.3797     0.1677     -0.3434      0.0597
sz_q4            -0.1199     0.1138    -1.0537     0.2920     -0.3428      0.1031
sz_q5            -0.0994     0.1217    -0.8169     0.4140     -0.3380      0.1391
sz_q6            -0.0926     0.1333    -0.6944     0.4874     -0.3539      0.1687
sz_q7            -0.0529     0.1504    -0.3517     0.7251     -0.3477      0.2419
sz_q8            -0.1662     0.1711    -0.9716     0.3313     -0.5016      0.1691
sz_q9            -0.1913     0.1868    -1.0244     0.3056     -0.5574      0.1747
scope_q1          0.2025     0.1076     1.8823     0.0598     -0.0084      0.4134
scope_q2         -0.0316     0.0595    -0.5317     0.5949     -0.1483      0.0850
scope_q3          0.1139     0.0643     1.7725     0.0763     -0.0120      0.2398
age_q1           -0.0198     0.0155    -1.2779     0.2013     -0.0502      0.0106
age_q2           -0.1053     0.0507    -2.0758     0.0379     -0.2048     -0.0059
age_q3           -0.1402     0.0619    -2.2660     0.0235     -0.2615     -0.0189
age_q4           -0.2048     0.0798    -2.5664     0.0103     -0.3612     -0.0484
age_q5           -0.3288     0.1036    -3.1738     0.0015     -0.5318     -0.1257
age_q6           -0.3785     0.1177    -3.2152     0.0013     -0.6092     -0.1478
age_q7           -0.3612     0.1386    -2.6063     0.0092     -0.6328     -0.0896
age_q8            0.0077     0.1653     0.0468     0.9627     -0.3163      0.3318
age_q9           -0.0288     0.2129    -0.1351     0.8925     -0.4460      0.3885
firmsz_q1        -0.0406     0.0625    -0.6501     0.5157     -0.1632      0.0819
firmsz_q2         0.0618     0.0984     0.6279     0.5300     -0.1311      0.2546
firmsz_q3        -0.0308     0.1135    -0.2719     0.7857     -0.2532      0.1915
firmsz_q4         0.0574     0.1268     0.4523     0.6511     -0.1912      0.3060
firmsz_q5         0.0009     0.1436     0.0062     0.9950     -0.2805      0.2823
firmsz_q6        -0.0224     0.1585    -0.1413     0.8876     -0.3330      0.2882
firmsz_q7         0.0771     0.1718     0.4487     0.6536     -0.2596      0.4138
firmsz_q8         0.0332     0.1838     0.1805     0.8568     -0.3270      0.3933
firmsz_q9         0.1500     0.2105     0.7126     0.4761     -0.2626      0.5626
year_dum_1995     0.0118     0.0384     0.3062     0.7595     -0.0636      0.0871
year_dum_1996     0.0590     0.0593     0.9952     0.3196     -0.0572      0.1753
year_dum_1997     0.0875     0.0789     1.1078     0.2680     -0.0673      0.2422
year_dum_1998     0.0483     0.0976     0.4943     0.6211     -0.1431      0.2396
year_dum_1999     0.1467     0.1194     1.2290     0.2191     -0.0872      0.3806
year_dum_2000     0.0949     0.1350     0.7028     0.4822     -0.1697      0.3595
year_dum_2001     0.1078     0.1555     0.6936     0.4880     -0.1969      0.4126
year_dum_2002     0.1382     0.1770     0.7806     0.4350     -0.2087      0.4850
year_dum_2003     0.1620     0.1950     0.8309     0.4061     -0.2202      0.5443
year_dum_2004     0.1862     0.2172     0.8573     0.3913     -0.2395      0.6119
year_dum_2005     0.1619     0.2348     0.6893     0.4906     -0.2984      0.6221
year_dum_2006     0.1702     0.2574     0.6610     0.5086     -0.3344      0.6748
year_dum_2007     0.2314     0.2753     0.8404     0.4007     -0.3083      0.7711
year_dum_2009    -0.1600     0.3174    -0.5041     0.6142     -0.7821      0.4621
year_dum_2010    -0.2029     0.3292    -0.6164     0.5376     -0.8481      0.4423
year_dum_2011    -0.2603     0.3408    -0.7639     0.4449     -0.9282      0.4076
firmage_q1        0.0788     0.0593     1.3298     0.1836     -0.0373      0.1950
firmage_q2        0.1384     0.0900     1.5389     0.1238     -0.0379      0.3148
firmage_q3        0.1486     0.1246     1.1928     0.2330     -0.0956      0.3927
firmage_q4        0.1381     0.1414     0.9761     0.3290     -0.1392      0.4153
firmage_q5        0.1504     0.1604     0.9374     0.3486     -0.1640      0.4648
firmage_q6        0.1017     0.1790     0.5683     0.5698     -0.2490      0.4524
firmage_q7        0.1310     0.2052     0.6388     0.5230     -0.2711      0.5332
firmage_q8        0.0185     0.2553     0.0724     0.9423     -0.4820      0.5189
firmage_q9        0.0106     0.3000     0.0352     0.9719     -0.5774      0.5985
int1c            -0.5861     1.1707    -0.5007     0.6166     -2.8807      1.7084
=================================================================================

F-test for Poolability: 86.841
P-value: 0.0000
Distribution: F(1146,93107)

Included effects: Entity