                          PanelOLS Estimation Summary                           
================================================================================
Dep. Variable:                     ir   R-squared:                        0.0761
Estimator:                   PanelOLS   R-squared (Between):             -0.0189
No. Observations:               94311   R-squared (Within):               0.0761
Date:                Sat, Aug 10 2024   R-squared (Overall):              0.0242
Time:                        21:58:21   Log-likelihood                -1.122e+05
Cov. Estimator:             Clustered                                           
                                        F-statistic:                      137.03
Entities:                        1147   P-value                           0.0000
Avg Obs:                       82.224   Distribution:                F(56,93108)
Min Obs:                       13.000                                           
Max Obs:                       188.00   F-statistic (robust):             8.8988
                                        P-value                           0.0000
Time periods:                     188   Distribution:                F(56,93108)
Avg Obs:                       501.65                                           
Min Obs:                       56.000                                           
Max Obs:                       1141.0                                           
                                                                                
                               Parameter Estimates                               
=================================================================================
               Parameter  Std. Err.     T-stat    P-value    Lower CI    Upper CI
---------------------------------------------------------------------------------
TREATED           0.0571     0.2582     0.2210     0.8251     -0.4490      0.5632
sz_q1            -0.0367     0.0643    -0.5708     0.5681     -0.1626      0.0893
sz_q2             0.0086     0.0752     0.1141     0.9092     -0.1388      0.1559
sz_q3            -0.1461     0.1039    -1.4061     0.1597     -0.3498      0.0576
sz_q4            -0.1235     0.1143    -1.0804     0.2800     -0.3476      0.1006
sz_q5            -0.1033     0.1221    -0.8456     0.3978     -0.3427      0.1361
sz_q6            -0.0969     0.1335    -0.7257     0.4680     -0.3585      0.1648
sz_q7            -0.0586     0.1504    -0.3896     0.6968     -0.3534      0.2362
sz_q8            -0.1726     0.1709    -1.0100     0.3125     -0.5075      0.1623
sz_q9            -0.1985     0.1862    -1.0662     0.2863     -0.5634      0.1664
scope_q1          0.2015     0.1077     1.8715     0.0613     -0.0095      0.4126
scope_q2         -0.0305     0.0592    -0.5151     0.6065     -0.1464      0.0855
scope_q3          0.1127     0.0644     1.7500     0.0801     -0.0135      0.2389
age_q1           -0.0198     0.0155    -1.2743     0.2026     -0.0501      0.0106
age_q2           -0.1051     0.0507    -2.0706     0.0384     -0.2045     -0.0056
age_q3           -0.1400     0.0619    -2.2622     0.0237     -0.2612     -0.0187
age_q4           -0.2047     0.0798    -2.5657     0.0103     -0.3611     -0.0483
age_q5           -0.3287     0.1036    -3.1733     0.0015     -0.5317     -0.1257
age_q6           -0.3782     0.1177    -3.2136     0.0013     -0.6089     -0.1475
age_q7           -0.3599     0.1385    -2.5987     0.0094     -0.6313     -0.0884
age_q8            0.0084     0.1653     0.0506     0.9596     -0.3157      0.3324
age_q9           -0.0299     0.2127    -0.1407     0.8881     -0.4469      0.3871
firmsz_q1        -0.0399     0.0627    -0.6369     0.5242     -0.1629      0.0830
firmsz_q2         0.0652     0.0993     0.6563     0.5116     -0.1294      0.2598
firmsz_q3        -0.0282     0.1139    -0.2474     0.8046     -0.2514      0.1950
firmsz_q4         0.0606     0.1272     0.4765     0.6337     -0.1887      0.3099
firmsz_q5         0.0049     0.1438     0.0342     0.9727     -0.2770      0.2868
firmsz_q6        -0.0175     0.1585    -0.1101     0.9123     -0.3281      0.2932
firmsz_q7         0.0831     0.1718     0.4838     0.6285     -0.2536      0.4198
firmsz_q8         0.0386     0.1833     0.2105     0.8333     -0.3208      0.3979
firmsz_q9         0.1549     0.2102     0.7369     0.4612     -0.2572      0.5670
year_dum_1995     0.0120     0.0385     0.3125     0.7547     -0.0634      0.0874
year_dum_1996     0.0594     0.0594     1.0013     0.3167     -0.0569      0.1758
year_dum_1997     0.0881     0.0790     1.1151     0.2648     -0.0667      0.2428
year_dum_1998     0.0488     0.0976     0.4999     0.6171     -0.1425      0.2401
year_dum_1999     0.1474     0.1193     1.2352     0.2168     -0.0865      0.3813
year_dum_2000     0.0955     0.1350     0.7077     0.4792     -0.1690      0.3601
year_dum_2001     0.1087     0.1554     0.6995     0.4842     -0.1959      0.4134
year_dum_2002     0.1388     0.1769     0.7848     0.4326     -0.2079      0.4856
year_dum_2003     0.1629     0.1950     0.8354     0.4035     -0.2193      0.5450
year_dum_2004     0.1871     0.2171     0.8619     0.3887     -0.2384      0.6127
year_dum_2005     0.1629     0.2347     0.6937     0.4879     -0.2972      0.6230
year_dum_2006     0.1713     0.2573     0.6655     0.5057     -0.3331      0.6756
year_dum_2007     0.2327     0.2752     0.8456     0.3978     -0.3067      0.7722
year_dum_2009    -0.1587     0.3173    -0.5001     0.6170     -0.7805      0.4632
year_dum_2010    -0.2016     0.3290    -0.6128     0.5400     -0.8465      0.4433
year_dum_2011    -0.2591     0.3406    -0.7606     0.4469     -0.9266      0.4085
firmage_q1        0.0784     0.0593     1.3214     0.1864     -0.0379      0.1947
firmage_q2        0.1380     0.0900     1.5328     0.1253     -0.0384      0.3144
firmage_q3        0.1482     0.1246     1.1895     0.2343     -0.0960      0.3924
firmage_q4        0.1376     0.1415     0.9728     0.3307     -0.1396      0.4149
firmage_q5        0.1495     0.1604     0.9317     0.3515     -0.1650      0.4639
firmage_q6        0.1013     0.1790     0.5660     0.5714     -0.2495      0.4521
firmage_q7        0.1304     0.2052     0.6358     0.5249     -0.2717      0.5326
firmage_q8        0.0181     0.2553     0.0707     0.9436     -0.4824      0.5185
firmage_q9        0.0107     0.2999     0.0357     0.9715     -0.5772      0.5986
=================================================================================

F-test for Poolability: 86.789
P-value: 0.0000
Distribution: F(1146,93108)

Included effects: Entity