                            OLS Regression Results                            
==============================================================================
Dep. Variable:                     ir   R-squared:                       0.042
Model:                            OLS   Adj. R-squared:                  0.041
Method:                 Least Squares   F-statistic:                     7.037
Date:                Mon, 05 Aug 2024   Prob (F-statistic):           3.93e-39
Time:                        13:38:45   Log-Likelihood:            -1.4658e+05
No. Observations:               94311   AIC:                         2.933e+05
Df Residuals:                   94262   BIC:                         2.937e+05
Df Model:                          48                                         
Covariance Type:              cluster                                         
=================================================================================
                    coef    std err          z      P>|z|      [0.025      0.975]
---------------------------------------------------------------------------------
Intercept         0.2426      0.070      3.469      0.001       0.106       0.380
max_treated       0.2263      0.144      1.576      0.115      -0.055       0.508
time_treat        0.0034      0.001      4.057      0.000       0.002       0.005
sz_q1             0.0513      0.084      0.610      0.542      -0.114       0.216
sz_q2             0.1484      0.098      1.509      0.131      -0.044       0.341
sz_q3            -0.1138      0.126     -0.904      0.366      -0.360       0.133
sz_q4            -0.0294      0.134     -0.220      0.826      -0.292       0.233
sz_q5            -0.0429      0.132     -0.324      0.746      -0.302       0.216
sz_q6            -0.1092      0.147     -0.743      0.457      -0.397       0.179
sz_q7            -0.1265      0.168     -0.753      0.451      -0.456       0.203
sz_q8            -0.1206      0.184     -0.655      0.512      -0.481       0.240
sz_q9            -0.1553      0.203     -0.767      0.443      -0.552       0.242
scope_q1          0.1370      0.062      2.195      0.028       0.015       0.259
scope_q2         -0.0103      0.077     -0.134      0.894      -0.161       0.141
scope_q3          0.0822      0.038      2.172      0.030       0.008       0.156
scope_q4          0.0234      0.054      0.430      0.667      -0.083       0.130
age_q1            0.1196      0.017      6.838      0.000       0.085       0.154
age_q2            0.0897      0.013      6.673      0.000       0.063       0.116
age_q3            0.0611      0.014      4.516      0.000       0.035       0.088
age_q4           -0.0050      0.013     -0.388      0.698      -0.030       0.020
age_q5           -0.0978      0.014     -6.902      0.000      -0.126      -0.070
age_q6           -0.0958      0.016     -5.889      0.000      -0.128      -0.064
age_q7           -0.0678      0.018     -3.797      0.000      -0.103      -0.033
age_q8           -0.0092      0.020     -0.467      0.640      -0.048       0.029
age_q9           -0.0415      0.025     -1.652      0.098      -0.091       0.008
firmsz_q0        -0.1003      0.124     -0.807      0.420      -0.344       0.143
firmsz_q1        -0.2111      0.112     -1.887      0.059      -0.430       0.008
firmsz_q2         0.0504      0.084      0.597      0.550      -0.115       0.216
firmsz_q3        -0.0209      0.064     -0.329      0.742      -0.146       0.104
firmsz_q4         0.0657      0.043      1.511      0.131      -0.020       0.151
firmsz_q5         0.0214      0.058      0.366      0.715      -0.093       0.136
firmsz_q6         0.0381      0.066      0.575      0.565      -0.092       0.168
firmsz_q7         0.1206      0.078      1.547      0.122      -0.032       0.273
firmsz_q8         0.1347      0.091      1.481      0.139      -0.044       0.313
firmsz_q9         0.1440      0.109      1.319      0.187      -0.070       0.358
firmage_q0        0.2894      0.041      6.977      0.000       0.208       0.371
firmage_q1        0.1196      0.017      6.838      0.000       0.085       0.154
firmage_q2        0.0897      0.013      6.673      0.000       0.063       0.116
firmage_q3        0.0611      0.014      4.516      0.000       0.035       0.088
firmage_q4       -0.0050      0.013     -0.388      0.698      -0.030       0.020
firmage_q5       -0.0978      0.014     -6.902      0.000      -0.126      -0.070
firmage_q6       -0.0958      0.016     -5.889      0.000      -0.128      -0.064
firmage_q7       -0.0678      0.018     -3.797      0.000      -0.103      -0.033
firmage_q8       -0.0092      0.020     -0.467      0.640      -0.048       0.029
firmage_q9       -0.0415      0.025     -1.652      0.098      -0.091       0.008
year_dum_1994     0.2516      0.073      3.443      0.001       0.108       0.395
year_dum_1995     0.2678      0.072      3.722      0.000       0.127       0.409
year_dum_1996     0.3093      0.062      4.997      0.000       0.188       0.431
year_dum_1997     0.3028      0.057      5.354      0.000       0.192       0.414
year_dum_1998     0.1908      0.050      3.815      0.000       0.093       0.289
year_dum_1999     0.2194      0.041      5.397      0.000       0.140       0.299
year_dum_2000     0.0700      0.032      2.155      0.031       0.006       0.134
year_dum_2001     0.0070      0.030      0.235      0.814      -0.051       0.065
year_dum_2002    -0.0717      0.027     -2.640      0.008      -0.125      -0.018
year_dum_2003    -0.1229      0.026     -4.732      0.000      -0.174      -0.072
year_dum_2004    -0.0477      0.031     -1.561      0.119      -0.108       0.012
year_dum_2005     0.0221      0.034      0.643      0.520      -0.045       0.089
year_dum_2006     0.0421      0.030      1.381      0.167      -0.018       0.102
year_dum_2007     0.0931      0.030      3.106      0.002       0.034       0.152
year_dum_2008          0          0        nan        nan           0           0
year_dum_2009    -0.3527      0.069     -5.129      0.000      -0.487      -0.218
year_dum_2010    -0.4210      0.073     -5.768      0.000      -0.564      -0.278
year_dum_2011    -0.5172      0.079     -6.584      0.000      -0.671      -0.363
==============================================================================
Omnibus:                    25459.336   Durbin-Watson:                   0.743
Prob(Omnibus):                  0.000   Jarque-Bera (JB):           348508.605
Skew:                           0.920   Prob(JB):                         0.00
Kurtosis:                      12.236   Cond. No.                     1.39e+16
==============================================================================

Notes:
[1] Standard Errors are robust to cluster correlation (cluster)
[2] The smallest eigenvalue is 2.18e-24. This might indicate that there are
strong multicollinearity problems or that the design matrix is singular.