                            OLS Regression Results                            
==============================================================================
Dep. Variable:                     ir   R-squared:                       0.042
Model:                            OLS   Adj. R-squared:                  0.041
Method:                 Least Squares   F-statistic:                     7.152
Date:                Mon, 05 Aug 2024   Prob (F-statistic):           2.68e-39
Time:                        13:38:37   Log-Likelihood:            -1.4659e+05
No. Observations:               94311   AIC:                         2.933e+05
Df Residuals:                   94263   BIC:                         2.937e+05
Df Model:                          47                                         
Covariance Type:              cluster                                         
=================================================================================
                    coef    std err          z      P>|z|      [0.025      0.975]
---------------------------------------------------------------------------------
Intercept         0.0289      0.029      0.988      0.323      -0.028       0.086
TREATED           0.2260      0.144      1.574      0.116      -0.055       0.507
sz_q0             0.0524      0.108      0.484      0.628      -0.160       0.264
sz_q1             0.1040      0.094      1.108      0.268      -0.080       0.288
sz_q2             0.2007      0.092      2.179      0.029       0.020       0.381
sz_q3            -0.0608      0.071     -0.857      0.391      -0.200       0.078
sz_q4             0.0233      0.065      0.362      0.718      -0.103       0.150
sz_q5             0.0096      0.053      0.180      0.857      -0.094       0.114
sz_q6            -0.0563      0.058     -0.964      0.335      -0.171       0.058
sz_q7            -0.0737      0.078     -0.941      0.347      -0.227       0.080
sz_q8            -0.0678      0.093     -0.725      0.469      -0.251       0.115
sz_q9            -0.1024      0.114     -0.902      0.367      -0.325       0.120
age_q0            0.1372      0.020      6.731      0.000       0.097       0.177
age_q1            0.1129      0.017      6.767      0.000       0.080       0.146
age_q2            0.0827      0.013      6.363      0.000       0.057       0.108
age_q3            0.0540      0.013      4.120      0.000       0.028       0.080
age_q4           -0.0117      0.012     -0.962      0.336      -0.036       0.012
age_q5           -0.1051      0.013     -8.122      0.000      -0.130      -0.080
age_q6           -0.1027      0.014     -7.194      0.000      -0.131      -0.075
age_q7           -0.0744      0.017     -4.379      0.000      -0.108      -0.041
age_q8           -0.0161      0.019     -0.854      0.393      -0.053       0.021
age_q9           -0.0480      0.024     -1.992      0.046      -0.095      -0.001
scope_q1          0.0656      0.052      1.252      0.210      -0.037       0.168
scope_q2         -0.0102      0.077     -0.132      0.895      -0.161       0.141
scope_q3          0.0109      0.032      0.338      0.735      -0.052       0.074
scope_q4         -0.0476      0.056     -0.847      0.397      -0.158       0.063
firmsz_q0        -0.1217      0.130     -0.937      0.349      -0.376       0.133
firmsz_q1        -0.2326      0.116     -2.009      0.044      -0.459      -0.006
firmsz_q2         0.0290      0.087      0.334      0.738      -0.141       0.199
firmsz_q3        -0.0424      0.065     -0.651      0.515      -0.170       0.085
firmsz_q4         0.0443      0.043      1.027      0.304      -0.040       0.129
firmsz_q5        -0.0002      0.056     -0.003      0.998      -0.110       0.110
firmsz_q6         0.0167      0.062      0.270      0.787      -0.104       0.137
firmsz_q7         0.0993      0.073      1.359      0.174      -0.044       0.243
firmsz_q8         0.1133      0.086      1.313      0.189      -0.056       0.282
firmsz_q9         0.1231      0.105      1.169      0.242      -0.083       0.330
firmage_q0        0.1372      0.020      6.731      0.000       0.097       0.177
firmage_q1        0.1129      0.017      6.767      0.000       0.080       0.146
firmage_q2        0.0827      0.013      6.363      0.000       0.057       0.108
firmage_q3        0.0540      0.013      4.120      0.000       0.028       0.080
firmage_q4       -0.0117      0.012     -0.962      0.336      -0.036       0.012
firmage_q5       -0.1051      0.013     -8.122      0.000      -0.130      -0.080
firmage_q6       -0.1027      0.014     -7.194      0.000      -0.131      -0.075
firmage_q7       -0.0744      0.017     -4.379      0.000      -0.108      -0.041
firmage_q8       -0.0161      0.019     -0.854      0.393      -0.053       0.021
firmage_q9       -0.0480      0.024     -1.992      0.046      -0.095      -0.001
year_dum_1994    -0.0936      0.061     -1.536      0.125      -0.213       0.026
year_dum_1995    -0.0375      0.054     -0.695      0.487      -0.143       0.068
year_dum_1996     0.0450      0.042      1.073      0.283      -0.037       0.127
year_dum_1997     0.0795      0.036      2.199      0.028       0.009       0.150
year_dum_1998     0.0081      0.033      0.244      0.807      -0.057       0.073
year_dum_1999     0.0775      0.028      2.724      0.006       0.022       0.133
year_dum_2000    -0.0312      0.027     -1.146      0.252      -0.085       0.022
year_dum_2001    -0.0531      0.030     -1.783      0.075      -0.112       0.005
year_dum_2002    -0.0911      0.027     -3.363      0.001      -0.144      -0.038
year_dum_2003    -0.1015      0.025     -4.095      0.000      -0.150      -0.053
year_dum_2004     0.0147      0.027      0.543      0.587      -0.038       0.068
year_dum_2005     0.1252      0.032      3.967      0.000       0.063       0.187
year_dum_2006     0.1859      0.035      5.349      0.000       0.118       0.254
year_dum_2007     0.2718      0.044      6.165      0.000       0.185       0.358
year_dum_2008          0          0        nan        nan           0           0
year_dum_2009    -0.0753      0.044     -1.699      0.089      -0.162       0.012
year_dum_2010    -0.1149      0.046     -2.508      0.012      -0.205      -0.025
year_dum_2011    -0.1805      0.049     -3.703      0.000      -0.276      -0.085
==============================================================================
Omnibus:                    25487.407   Durbin-Watson:                   0.744
Prob(Omnibus):                  0.000   Jarque-Bera (JB):           348753.261
Skew:                           0.921   Prob(JB):                         0.00
Kurtosis:                      12.239   Cond. No.                     4.40e+16
==============================================================================

Notes:
[1] Standard Errors are robust to cluster correlation (cluster)
[2] The smallest eigenvalue is 1.24e-28. This might indicate that there are
strong multicollinearity problems or that the design matrix is singular.